79089	79101	0.034
79101	79089	0.034
78888	79023	0.530
79023	78888	0.530
78879	78888	0.199
78888	78879	0.199
78851	78879	0.077
78879	78851	0.077
78888	78834	0.157
78834	78888	0.157
78851	78779	0.647
78779	78851	0.647
78741	78901	0.508
78901	78741	0.508
78741	78903	0.393
78903	78741	0.393
78630	78741	0.266
78741	78630	0.266
78546	78560	0.087
78560	78546	0.087
78582	78546	0.070
78546	78582	0.070
78546	78529	0.135
78529	78546	0.135
78469	78579	0.220
78579	78469	0.220
78467	78457	0.368
78457	78467	0.368
78434	78469	0.075
78469	78434	0.075
78404	78355	0.153
78355	78404	0.153
78344	78334	0.161
78334	78344	0.161
78327	78562	0.518
78562	78327	0.518
78327	78355	0.341
78355	78327	0.341
78355	78305	0.136
78305	78355	0.136
78296	78434	0.361
78434	78296	0.361
78246	78269	0.043
78269	78246	0.043
78246	78242	0.063
78242	78246	0.063
78322	78243	0.205
78243	78322	0.205
78232	78246	0.023
78246	78232	0.023
78322	78202	0.418
78202	78322	0.418
78196	78227	0.066
78227	78196	0.066
78202	78196	0.140
78196	78202	0.140
78242	78193	0.098
78193	78242	0.098
78196	78193	0.059
78193	78196	0.059
78193	78186	0.156
78186	78193	0.156
78277	78181	0.196
78181	78277	0.196
78186	78181	0.098
78181	78186	0.098
78178	78231	0.146
78231	78178	0.146
78141	78217	0.180
78217	78141	0.180
78231	78141	0.179
78141	78231	0.179
78146	78327	0.366
78327	78146	0.366
78092	78109	0.137
78109	78092	0.137
78039	78103	0.555
78040	78058	0.040
78058	78040	0.040
78043	78186	0.277
78186	78043	0.277
78030	78040	0.027
78040	78030	0.027
78202	78003	0.374
78003	78202	0.374
77996	78013	0.146
78013	77996	0.146
77983	77985	0.050
77985	77983	0.050
77983	78102	0.227
78102	77983	0.227
77984	78030	0.088
78030	77984	0.088
77984	77997	0.165
77997	77984	0.165
78002	77959	0.184
77959	78002	0.184
77958	77959	0.002
77959	77958	0.002
77955	77958	0.112
77958	77955	0.112
77936	77958	0.104
77958	77936	0.104
77916	77911	0.232
78088	77933	0.350
77933	78088	0.350
77915	77916	0.025
77911	77909	0.087
77917	77918	0.026
77918	77917	0.026
77911	77847	0.097
77847	77911	0.097
77783	77806	0.049
77806	77783	0.049
77770	77820	0.143
77820	77770	0.143
77757	77783	0.053
77783	77757	0.053
77742	77783	0.067
77783	77742	0.067
77716	77742	0.053
77742	77716	0.053
77716	77757	0.067
77757	77716	0.067
77706	77770	0.086
77770	77706	0.086
77674	77757	0.205
77757	77674	0.205
77645	77716	0.203
77716	77645	0.203
77674	77645	0.069
77645	77674	0.069
77532	77541	0.020
77541	77532	0.020
77493	77542	0.144
77542	77493	0.144
77492	77586	0.191
77586	77492	0.191
77443	77458	0.142
77458	77443	0.142
77472	77437	0.059
77437	77472	0.059
77434	77492	0.207
77492	77434	0.207
77443	77466	0.221
77466	77443	0.221
77432	77437	0.058
77437	77432	0.058
77431	77497	0.123
77497	77431	0.123
77431	77434	0.021
77434	77431	0.021
77403	77432	0.265
77432	77403	0.265
77391	77432	0.076
77432	77391	0.076
77364	77391	0.204
77391	77364	0.204
77363	77398	0.225
77398	77363	0.225
77347	77359	0.023
77359	77347	0.023
77347	77367	0.214
77367	77347	0.214
77391	77346	0.074
77346	77391	0.074
77340	77367	0.059
77367	77340	0.059
77331	77347	0.043
77347	77331	0.043
77331	77340	0.213
77340	77331	0.213
77264	77726	0.865
77726	77264	0.865
77253	77299	0.070
77299	77253	0.070
77164	77187	0.037
77187	77164	0.037
77188	77154	0.058
77154	77188	0.058
77148	77213	0.096
77213	77148	0.096
77154	77088	0.160
77088	77154	0.160
77131	77091	0.102
77091	77131	0.102
77154	77081	0.131
77081	77154	0.131
77038	77090	0.119
77090	77038	0.119
77038	77031	0.187
77031	77038	0.187
77026	77148	0.294
77148	77026	0.294
76976	76984	0.133
76984	76976	0.133
76935	76992	0.254
76992	76935	0.254
76854	76915	0.102
76915	76854	0.102
76889	76935	0.331
76935	76889	0.331
76889	76926	0.061
76926	76889	0.061
76887	76889	0.009
76889	76887	0.009
76872	76798	0.114
76798	76872	0.114
76798	76778	0.044
76778	76798	0.044
76838	76778	0.091
76778	76838	0.091
76776	76844	0.100
76844	76776	0.100
76778	76776	0.051
76776	76778	0.051
76798	76768	0.152
76768	76798	0.152
76776	76764	0.068
76764	76776	0.068
76829	76764	0.098
76764	76829	0.098
76764	76758	0.023
76758	76764	0.023
76701	76872	0.362
76872	76701	0.362
76887	76686	0.347
76686	76887	0.347
76614	76686	0.167
76686	76614	0.167
76611	76935	0.544
76935	76611	0.544
76701	76538	0.516
76538	76701	0.516
76532	76611	0.112
76611	76532	0.112
76538	76532	0.076
76532	76538	0.076
76509	76611	0.128
76611	76509	0.128
76494	76624	0.210
76624	76494	0.210
76427	76509	0.343
76509	76427	0.343
76686	76427	0.376
76427	76686	0.376
76427	76354	0.100
76354	76427	0.100
76287	76859	0.829
76859	76287	0.829
76197	76207	0.014
76207	76197	0.014
76314	76197	0.417
76197	76314	0.417
76139	76222	0.325
76222	76139	0.325
76168	76139	0.047
76139	76168	0.047
76068	76046	0.065
76046	76068	0.065
76071	76045	0.080
76045	76071	0.080
76046	76045	0.023
76045	76046	0.023
76045	76057	0.070
76057	76045	0.070
76030	75994	0.197
75994	76030	0.197
75953	75992	0.110
75992	75953	0.110
76000	75910	0.189
75910	76000	0.189
75994	75910	0.298
75910	75994	0.298
75877	75887	0.187
75887	75877	0.187
76008	75877	0.251
75877	76008	0.251
75910	75807	0.408
75807	75910	0.408
75769	75792	0.052
75792	75769	0.052
75769	75773	0.021
75773	75769	0.021
75767	75769	0.017
75769	75767	0.017
75761	75767	0.044
75767	75761	0.044
75767	75758	0.019
75758	75767	0.019
75770	75750	0.057
75750	75770	0.057
75750	75761	0.060
75761	75750	0.060
75752	75761	0.020
75761	75752	0.020
75758	75752	0.039
75752	75758	0.039
75750	75740	0.022
75740	75750	0.022
75752	75740	0.063
75740	75752	0.063
75739	75750	0.060
75750	75739	0.060
75729	75739	0.041
75739	75729	0.041
75727	75739	0.021
75739	75727	0.021
75740	75727	0.059
75727	75740	0.059
75719	75729	0.020
75729	75719	0.020
75727	75719	0.039
75719	75727	0.039
75740	75705	0.059
75705	75740	0.059
75538	75550	0.031
75550	75538	0.031
75378	75347	0.069
75347	75378	0.069
75341	75448	0.250
75448	75341	0.250
75347	75341	0.045
75341	75347	0.045
75347	75289	0.090
75289	75347	0.090
75219	75538	0.624
75538	75219	0.624
75219	75178	0.186
75178	75219	0.186
75039	75341	0.619
75341	75039	0.619
74848	74880	0.186
74880	74848	0.186
74795	74848	0.247
74848	74795	0.247
74687	74749	0.064
74749	74687	0.064
74694	74804	0.276
74804	74694	0.276
75448	74694	1.348
74694	75448	1.348
74683	74687	0.272
74687	74683	0.272
74455	74447	0.013
74447	74455	0.013
74341	74334	0.045
74334	74341	0.045
74694	74271	0.692
74271	74694	0.692
74231	74341	0.485
74341	74231	0.485
74292	74225	0.123
74225	74292	0.123
74225	74228	0.030
74228	74225	0.030
74225	74224	0.023
74224	74225	0.023
74205	74228	0.047
74228	74205	0.047
74195	74288	0.165
74288	74195	0.165
74198	74292	0.224
74292	74198	0.224
74205	74198	0.072
74198	74205	0.072
74228	74182	0.066
74182	74228	0.066
74185	74182	0.023
74182	74185	0.023
74195	74177	0.114
74177	74195	0.114
74175	74205	0.049
74205	74175	0.049
74182	74175	0.043
74175	74182	0.043
74177	74162	0.121
74162	74177	0.121
74182	74163	0.031
74163	74182	0.031
74175	74130	0.069
74130	74175	0.069
78374	78296	0.323
78296	78374	0.323
78231	78213	0.148
78213	78231	0.148
77038	76992	0.094
76992	77038	0.094
77218	77417	0.851
77417	77218	0.851
77218	77187	0.117
77187	77218	0.117
74236	74162	0.163
74162	74236	0.163
78185	78305	0.405
78305	78185	0.405
74880	74749	0.331
74749	74880	0.331
74683	75041	0.405
75041	74683	0.405
75380	75070	0.849
75078	75185	0.700
75380	75185	0.348
75078	75191	0.376
74912	75191	0.473
74912	75070	0.367
77953	77939	0.719
77817	77939	0.251
77817	77886	0.315
77951	77886	0.236
77953	77851	0.386
77951	77851	0.579
77851	76480	3.355
76441	75380	3.293
76480	76441	0.276
76434	76477	0.341
77134	77043	0.192
77043	77134	0.192
77043	76976	0.134
76976	77043	0.134
76976	76845	0.237
76845	76976	0.237
77131	77124	0.080
77124	77131	0.080
78282	78296	0.024
78296	78282	0.024
78521	78225	0.731
78225	78521	0.731
77996	78195	0.368
78195	77996	0.368
78130	78195	0.293
78195	78370	0.423
78370	78195	0.423
79109	79078	0.246
79078	79109	0.246
78103	78073	0.121
78592	78578	0.342
78578	78592	0.342
78665	78774	0.306
78774	78665	0.306
76968	76961	0.014
76958	76967	0.015
76719	76690	0.043
76690	76719	0.042
76052	76046	0.245
76046	76052	0.245
76012	75941	0.348
75941	76012	0.348
76400	76428	0.207
76428	76400	0.207
77770	77850	0.260
77850	77770	0.260
77795	77850	0.104
77664	77795	0.196
77529	77664	0.228
77529	77487	0.073
77487	77529	0.074
77276	77487	0.363
77276	77135	0.191
77135	77276	0.191
76993	76847	0.225
76847	76801	0.074
76802	76847	0.069
76653	76560	0.106
76560	76653	0.107
77040	77071	0.050
77071	77040	0.050
76993	77074	0.139
78693	78789	0.270
78693	78665	0.069
78665	78693	0.071
78592	78665	0.216
78665	78592	0.216
78618	78440	0.330
78440	78618	0.330
78440	78111	0.732
78111	78440	0.732
78487	78419	0.168
78341	78321	0.060
78321	78341	0.060
78321	78271	0.135
78271	78321	0.134
78271	78239	0.072
78239	78271	0.073
78239	78144	0.205
78144	78084	0.146
78144	78239	0.205
78081	78144	0.146
78069	78025	0.119
78025	78066	0.119
78025	77919	0.222
77919	78025	0.223
77919	77895	0.040
77895	77919	0.038
77895	77813	0.136
77813	77712	0.167
77813	77895	0.137
77712	77813	0.168
77994	78036	0.321
77526	77496	0.092
77496	77526	0.091
77496	77452	0.176
77452	77496	0.177
77209	77171	0.103
77171	77209	0.103
77171	77126	0.121
77126	77171	0.121
77126	77073	0.163
77073	77126	0.162
77073	76957	0.284
76957	77073	0.281
76957	76757	0.465
76757	76957	0.467
76757	76680	0.165
76680	76757	0.165
76680	76634	0.079
76634	76680	0.079
76424	76634	0.370
76634	76424	0.370
76424	76398	0.053
76398	76424	0.054
76398	76335	0.121
76335	76398	0.120
77594	77578	0.047
77578	77594	0.047
77578	77559	0.079
77559	77578	0.079
77724	77674	0.080
77674	77724	0.080
75125	75213	0.221
75213	75125	0.221
75105	75177	0.132
75177	75105	0.132
75014	75703	1.260
75703	75014	1.260
74845	74975	0.362
75041	75054	0.021
75054	75041	0.021
75055	75125	0.119
75125	75055	0.119
74795	75105	0.406
75105	74795	0.406
74587	74684	0.225
74684	74744	0.135
74856	74842	0.069
74862	74856	0.029
74831	74847	0.069
74764	74772	0.097
74758	74764	0.073
74772	74764	0.096
74758	74761	0.147
74517	74348	0.223
74348	74517	0.223
74348	74274	0.090
76817	76774	0.060
76774	76817	0.063
76650	76774	0.185
76774	76650	0.186
76400	76570	0.251
76157	76199	0.082
76199	76157	0.083
76012	75918	0.171
75918	76012	0.171
78562	78668	0.226
78668	78562	0.226
77856	77947	0.269
77947	77856	0.269
76402	76314	0.307
76314	76402	0.307
75804	75703	0.395
75703	75804	0.395
75342	75299	0.237
75299	75342	0.237
75281	75342	0.103
77645	77516	0.353
77516	77645	0.353
77244	77532	0.551
77532	77244	0.551
77139	77210	0.292
77210	77139	0.292
77244	77139	0.147
75807	75804	0.024
75804	75807	0.024
75344	75281	0.187
75281	75344	0.187
79143	79139	0.011
79139	79136	0.008
79149	79147	0.031
79147	79144	0.033
79160	79149	0.022
79160	79180	0.088
79175	79130	0.111
78862	78630	0.823
78630	78862	0.823
76866	76887	0.170
76887	76866	0.170
76817	76866	0.260
76866	76817	0.260
77054	76866	0.318
76866	77054	0.318
77253	77468	0.482
77468	77253	0.482
78332	78303	0.079
78303	78332	0.079
78529	78332	0.446
78332	78529	0.446
78332	78352	0.330
78352	78332	0.325
78285	78351	0.144
78351	78285	0.144
78331	78351	0.197
78310	78344	0.204
78344	78310	0.204
78312	78331	0.178
78476	78471	0.079
78471	78476	0.080
78528	78467	0.105
78467	78528	0.105
78242	78536	0.650
78536	78242	0.650
78181	78049	0.254
78049	78181	0.254
78658	78618	0.094
78618	78658	0.094
79049	79026	0.086
79078	79049	0.129
79026	79043	0.084
79043	79078	0.124
78036	78039	0.056
77329	77206	0.171
77206	77329	0.171
77473	77307	0.337
77307	77473	0.337
77480	77473	0.102
77473	77480	0.102
77473	77329	0.535
77329	77473	0.535
79144	79143	0.003
79149	79144	0.012
77856	77956	0.142
77736	77856	0.191
77516	77736	0.391
77737	77516	0.385
77856	77737	0.184
74800	74744	0.175
77516	77371	0.271
77371	77516	0.265
77371	77326	0.091
77326	77244	0.112
77322	77371	0.092
77244	77322	0.122
77139	77244	0.136
77058	77139	0.160
77139	77058	0.161
77058	76950	0.174
76950	77058	0.176
76950	76720	0.364
76720	76950	0.363
76720	76496	0.296
76496	76402	0.144
76496	76720	0.296
76402	76496	0.144
74773	74758	0.138
74808	74773	0.287
79175	79165	0.064
79165	79180	0.079
77076	76993	0.139
75061	75078	0.081
74899	75061	0.344
77970	77951	0.026
77968	78130	0.339
77939	77968	0.043
75070	75046	0.080
75046	74862	0.336
76142	76157	0.329
76157	76142	0.329
78419	78341	0.221
78789	78884	0.351
74581	74567	0.021
74567	74581	0.021
74505	74567	0.431
74567	74505	0.431
78195	78130	0.300
74334	74329	0.124
74329	74334	0.124
74135	74108	0.145
74108	74135	0.145
77190	77134	0.097
77134	77190	0.097
78028	77970	0.209
77998	77570	0.916
78028	77998	0.073
78130	78028	0.300
78028	78130	0.295
77479	77558	0.181
77558	77479	0.181
77449	77398	0.097
77398	77449	0.097
77257	77398	0.219
77398	77257	0.219
77217	77257	0.192
77257	77217	0.192
77230	77327	0.143
77124	77157	0.059
77157	77124	0.059
77190	77230	0.068
77400	77316	0.140
77316	77400	0.140
77359	77408	0.074
77408	77359	0.074
77408	77458	0.084
77458	77408	0.084
77355	77318	0.162
77318	77355	0.162
77428	77408	0.212
77408	77428	0.212
78290	78310	0.149
78310	78290	0.149
77981	77943	0.194
77943	77981	0.194
77726	77796	0.224
77882	77915	0.275
76650	76570	0.086
76570	76400	0.250
76570	76650	0.086
76157	76094	0.126
76094	76052	0.119
76094	76157	0.127
76052	76094	0.117
77830	77856	0.069
77856	77830	0.069
77801	77830	0.074
77830	77801	0.074
77673	77650	0.092
77650	77673	0.092
77650	77559	0.272
77559	77650	0.272
77541	77650	0.277
77650	77541	0.277
77388	77209	0.311
77209	77388	0.311
77126	77301	0.292
77301	77126	0.292
76402	76359	0.045
76359	76402	0.045
74534	74517	0.279
74517	74534	0.279
77756	77724	0.053
77724	77756	0.053
76139	76160	0.080
76160	76139	0.080
77850	77981	0.238
77981	77850	0.240
79130	79078	0.715
74744	74684	0.129
77938	78034	0.240
78034	77938	0.240
78069	78066	0.008
78066	78067	0.009
78067	78081	0.011
78081	78084	0.007
76434	76453	0.116
76453	76477	0.227
76480	76457	0.097
76457	76441	0.181
77367	77428	0.108
77428	77367	0.108
75063	75071	0.030
75077	75063	0.028
75077	75071	0.043
75063	75076	0.028
75014	75053	0.159
75053	75063	0.034
75053	75076	0.046
75043	75014	0.164
75063	75043	0.029
75035	75063	0.035
75035	75043	0.048
75063	75038	0.031
75064	75063	0.028
75064	75038	0.045
74901	74899	0.007
74910	74916	0.037
74910	74877	0.031
74877	74910	0.031
74898	74910	0.024
74456	74390	0.087
74390	74456	0.087
74390	74319	0.087
74319	74390	0.087
74568	74595	0.026
74595	74568	0.026
74588	74538	0.051
74538	74588	0.051
74595	74588	0.060
74588	74595	0.060
74689	74651	0.053
74651	74689	0.053
74420	74373	0.073
74373	74420	0.073
74420	74415	0.061
74415	74420	0.061
74660	74658	0.065
74658	74660	0.065
74658	74651	0.054
74651	74658	0.054
74658	74692	0.052
74692	74658	0.052
74482	74420	0.086
74420	74482	0.086
74415	74479	0.084
74479	74415	0.084
74482	74479	0.062
74479	74482	0.062
74479	74475	0.054
74475	74479	0.054
74463	74461	0.079
74461	74463	0.079
74510	74463	0.065
74463	74510	0.065
74397	74395	0.062
74395	74397	0.062
74463	74397	0.088
74397	74463	0.088
74153	74159	0.020
74159	74153	0.020
74159	74166	0.042
74166	74159	0.042
74166	74168	0.021
74168	74166	0.021
74168	74125	0.074
74125	74168	0.074
74166	74125	0.082
74125	74166	0.082
74639	74714	0.086
74714	74639	0.086
74595	74639	0.047
74639	74595	0.047
74639	74588	0.104
74588	74639	0.104
74323	74332	0.206
74332	74323	0.206
74332	74348	0.159
74348	74332	0.159
74533	74456	0.100
74456	74533	0.100
74637	74551	0.090
74551	74637	0.090
74551	74332	0.270
74332	74551	0.270
74551	74545	0.169
74545	74551	0.169
74545	74533	0.209
74533	74545	0.209
74545	74323	0.278
74323	74545	0.278
74363	74359	0.079
74359	74363	0.079
74359	74348	0.199
74348	74359	0.199
74366	74363	0.067
74363	74366	0.067
74373	74371	0.019
74371	74373	0.019
74371	74366	0.057
74366	74371	0.057
74651	74537	0.117
74537	74651	0.117
74537	74475	0.083
74475	74537	0.083
74479	74540	0.082
74540	74479	0.082
74540	74658	0.120
74658	74540	0.120
74537	74534	0.064
74534	74537	0.064
74542	74540	0.026
74540	74542	0.026
74540	74537	0.055
74537	74540	0.055
74651	74644	0.067
74644	74651	0.067
74644	74639	0.054
74639	74644	0.054
74761	74644	0.131
74644	74761	0.131
74644	74534	0.113
74534	74644	0.113
74758	74660	0.120
74660	74758	0.120
74764	74758	0.062
74160	74261	0.208
74261	74160	0.208
74213	74160	0.198
74160	74213	0.198
74213	74145	0.106
74145	74213	0.106
74137	74127	0.156
74127	74137	0.156
74137	74316	0.258
74316	74137	0.258
74316	74432	0.146
74432	74316	0.146
74327	74316	0.162
74316	74327	0.162
74127	74300	0.254
74300	74127	0.254
74300	74431	0.164
74431	74300	0.164
74316	74300	0.156
74300	74316	0.156
74327	74248	0.106
74248	74327	0.106
74248	74137	0.300
74137	74248	0.300
74287	74317	0.047
74317	74287	0.047
74417	74344	0.088
74344	74417	0.088
74349	74344	0.040
74344	74349	0.040
74388	74399	0.056
74399	74388	0.056
75073	75095	0.086
75095	75073	0.086
74972	75023	0.117
75023	74821	0.450
74890	74935	0.056
74890	74876	0.108
74876	74890	0.108
74936	74876	0.072
74876	74824	0.068
74879	74947	0.075
74827	74879	0.067
74879	75013	0.205
75013	74879	0.205
75025	75073	0.113
75073	75025	0.113
74863	74890	0.042
74973	74965	0.008
74972	74973	0.024
74947	74972	0.030
74936	74947	0.009
74935	74936	0.021
74965	74935	0.037
74827	74824	0.008
74821	74827	0.009
74824	74816	0.009
74329	74181	0.216
74181	74329	0.216
74181	74124	0.092
74124	74181	0.092
74135	74201	0.113
74201	74135	0.113
74201	74334	0.197
74334	74201	0.197
74181	74201	0.139
74201	74181	0.139
74329	74315	0.202
74315	74329	0.202
74315	74308	0.136
74308	74315	0.136
74349	74399	0.067
74399	74349	0.067
74399	74468	0.091
74468	74399	0.091
75073	75047	0.120
75047	75073	0.120
75047	75023	0.170
75023	75047	0.170
75047	75092	0.091
74973	75047	0.124
75091	75047	0.087
75047	74965	0.131
74567	74541	0.035
74541	74567	0.035
74541	74261	0.442
74261	74541	0.442
75005	75025	0.011
75025	75005	0.011
74307	74292	0.274
74292	74307	0.274
74475	74469	0.067
74469	74475	0.067
74469	74463	0.076
74463	74469	0.076
74403	74397	0.076
74397	74403	0.076
74403	74363	0.048
74363	74403	0.048
74534	74469	0.086
74469	74534	0.086
74469	74403	0.084
74403	74469	0.084
74415	74409	0.057
74409	74415	0.057
74409	74403	0.067
74403	74409	0.067
74475	74409	0.085
74409	74475	0.085
78534	78532	0.010
78552	78534	0.050
78750	78742	0.178
78742	78750	0.178
78655	78577	0.190
78577	78655	0.190
78346	78325	0.191
78325	78346	0.195
78605	78351	0.547
78351	78605	0.547
79164	79108	0.184
79108	79164	0.184
79213	79175	0.046
78579	78621	0.101
78621	78579	0.101
78621	78699	0.215
78699	78621	0.215
78579	78549	0.129
78549	78579	0.129
77918	77934	0.024
77934	77918	0.024
77934	77996	0.126
77996	77934	0.126
77918	77906	0.018
77906	77918	0.018
77959	77918	0.206
77918	77959	0.206
77476	77479	0.033
77479	77476	0.033
77558	77555	0.025
77555	77558	0.025
77319	77327	0.044
77327	77319	0.044
77426	77479	0.111
77479	77426	0.111
77398	77410	0.121
77410	77398	0.121
77410	77426	0.145
77426	77410	0.145
77257	77278	0.116
77278	77257	0.116
77410	77278	0.216
77278	77410	0.216
77278	77252	0.033
77252	77278	0.033
77278	77296	0.086
77296	77278	0.086
77296	77310	0.081
77310	77296	0.081
77310	77319	0.069
77319	77310	0.069
77207	77160	0.056
77160	77207	0.056
77310	77274	0.047
77274	77310	0.047
77224	77241	0.079
77241	77224	0.079
77274	77241	0.040
77241	77274	0.040
77241	77207	0.044
77207	77241	0.044
77252	77265	0.091
77265	77252	0.091
77296	77265	0.036
77265	77296	0.036
77265	77224	0.048
77224	77265	0.048
76935	77147	0.424
77147	76935	0.424
77026	76992	0.158
76992	77026	0.158
77026	76953	0.150
76953	77026	0.150
76953	76999	0.122
76999	76953	0.122
76991	76971	0.107
76971	76991	0.107
76971	76963	0.061
76963	76971	0.061
77190	77186	0.043
77186	77190	0.043
76991	76803	0.292
76803	76991	0.292
77427	77431	0.213
77431	77427	0.213
77186	77160	0.138
77160	77186	0.138
77160	77131	0.215
77131	77160	0.215
77148	77159	0.037
77159	77148	0.037
77159	77189	0.055
77189	77159	0.055
77327	77342	0.122
77342	77327	0.122
77342	77346	0.083
77346	77342	0.083
77230	77246	0.066
77246	77230	0.066
77342	77246	0.135
77246	77342	0.135
77472	77495	0.044
77495	77472	0.044
77488	77495	0.047
77495	77488	0.047
77353	77346	0.057
77346	77353	0.057
77437	77353	0.151
77353	77437	0.151
77246	77269	0.145
77269	77246	0.145
77353	77269	0.135
77269	77353	0.135
77437	77456	0.109
77456	77437	0.109
77456	77369	0.147
77369	77456	0.147
77400	77369	0.175
77369	77400	0.175
77369	77353	0.110
77353	77369	0.110
77369	77285	0.138
77285	77369	0.138
77520	77489	0.052
77489	77520	0.052
77456	77461	0.065
77461	77456	0.065
77489	77461	0.058
77461	77489	0.058
77464	77519	0.099
77501	77519	0.465
77519	77501	0.465
78788	78817	0.267
78817	78788	0.267
78817	78838	0.090
78838	78817	0.090
78754	78758	0.031
78758	78757	0.011
78757	78754	0.022
79101	79117	0.134
79117	79101	0.134
79117	79145	0.078
79145	79117	0.078
79117	79118	0.044
79118	79117	0.044
78648	78633	0.062
78633	78648	0.062
78633	78528	0.212
78528	78633	0.212
77577	77452	0.314
77452	77577	0.314
77712	77594	0.383
77594	77712	0.383
77526	77712	0.405
77712	77526	0.400
77532	77444	0.211
77444	77532	0.211
77804	77728	0.143
77728	77804	0.143
77728	77578	0.288
77578	77728	0.288
77650	77728	0.176
77728	77650	0.176
77756	77826	0.216
77826	77756	0.216
77826	77805	0.039
77805	77826	0.039
78779	78789	0.344
78789	78779	0.344
78480	78509	0.184
78509	78480	0.184
78779	78613	0.430
78613	78779	0.430
78613	78509	0.230
78509	78613	0.230
78597	78613	0.153
78613	78597	0.153
78613	78641	0.217
78641	78613	0.217
78641	78665	0.200
78665	78641	0.200
78341	78419	0.218
78419	78487	0.161
78185	78249	0.198
78249	78185	0.198
78249	78305	0.173
78305	78249	0.173
77868	77896	0.069
77896	77868	0.069
78299	78209	0.378
78209	78299	0.378
77480	77218	0.479
77218	77480	0.479
77206	77181	0.350
77181	77206	0.350
78816	78667	0.628
78667	78816	0.628
78667	78562	0.591
78562	78667	0.591
79165	79159	0.028
79159	79147	0.044
79147	79141	0.048
79141	79130	0.078
79159	79141	0.029
79180	79213	0.095
79142	78816	0.988
78816	79142	0.988
79148	79142	0.046
79136	79150	0.034
79150	79156	0.010
79156	79160	0.024
79146	79156	0.134
79142	79146	0.493
79146	79142	0.503
79182	79195	0.067
79195	79182	0.067
79195	79208	0.042
79208	79195	0.042
79226	79208	0.174
79208	79226	0.174
79195	79201	0.051
79201	79195	0.051
76624	76666	0.075
76666	76624	0.075
76037	75959	0.198
75959	76037	0.198
76843	76803	0.244
76803	76843	0.244
76379	76526	0.223
76526	76379	0.223
76561	76690	0.787
76690	76561	0.787
76836	76719	0.179
76719	76836	0.179
76896	76855	0.074
76855	76896	0.074
76801	76756	0.072
76756	76802	0.080
74863	75025	0.261
75025	74863	0.261
76277	75994	0.710
75994	76277	0.710
75620	75344	0.822
75344	75620	0.822
75549	75620	0.118
75620	75549	0.118
75620	75706	0.083
75706	75620	0.083
75994	75706	0.706
75706	75994	0.706
75706	75823	0.401
75823	75706	0.401
75910	75671	0.500
75671	75910	0.500
75943	75953	0.052
75953	75943	0.052
75937	75804	0.275
75943	75937	0.068
75937	75943	0.068
75804	75935	0.277
74683	74581	0.125
74581	74683	0.125
74424	74327	0.112
74327	74424	0.112
74899	74862	0.155
75794	75911	0.266
75911	75794	0.266
74446	74374	0.091
74374	74446	0.091
75911	75905	0.109
75905	75911	0.109
77672	77906	0.348
77906	77672	0.348
77397	77426	0.076
77426	77397	0.076
78509	78394	0.259
78394	78509	0.259
75710	75944	0.623
75944	75710	0.623
74582	74455	0.354
74455	74582	0.354
74213	74541	0.432
74541	74213	0.432
74252	74262	0.097
74262	74252	0.097
75038	74999	0.050
74986	75019	0.074
75019	74986	0.074
74986	74951	0.101
74951	74986	0.101
74999	75015	0.027
75015	74999	0.027
75015	74951	0.088
74951	75015	0.088
75015	75019	0.012
75019	75015	0.012
75019	75030	0.106
75030	75019	0.106
75030	74986	0.094
74986	75030	0.094
77434	77446	0.074
77446	77434	0.074
77446	77492	0.134
77492	77446	0.134
78849	78817	0.136
78817	78849	0.136
78598	78496	0.324
78496	78598	0.324
76803	76787	0.081
76787	76803	0.081
76845	76561	0.654
76561	76845	0.654
76771	76723	0.185
76723	76771	0.185
76343	76324	0.043
76324	76343	0.043
76324	76293	0.058
76293	76324	0.058
76211	76144	0.229
76144	76211	0.229
76144	76125	0.056
76125	76144	0.056
76125	76112	0.022
76112	76125	0.022
76172	76144	0.052
76144	76172	0.052
76172	76079	0.349
76079	76172	0.349
76452	76328	0.200
76328	76452	0.200
76355	76328	0.255
76328	76355	0.255
75005	74857	0.242
74857	75005	0.242
74684	74671	0.016
74671	74684	0.016
74587	74671	0.222
74671	74587	0.222
74560	74346	0.272
74346	74560	0.272
74671	74625	0.070
74625	74671	0.070
74625	74560	0.067
74560	74625	0.067
74716	74634	0.099
74634	74716	0.099
75018	75086	0.157
75086	75018	0.161
75274	75218	0.144
75218	75142	0.224
75142	75218	0.224
75218	75274	0.147
74814	74821	0.011
74816	74814	0.014
76241	76211	0.049
76211	76241	0.049
75672	75804	0.242
75478	75672	0.282
75598	75672	0.158
75672	75598	0.158
75804	75672	0.243
75672	75478	0.283
75362	75281	0.137
75342	75362	0.035
74964	74845	0.364
74975	75093	0.629
75093	74975	0.629
76419	76408	0.046
76408	76419	0.046
74263	74161	0.401
74161	74263	0.401
74161	74121	0.188
74121	74161	0.188
75148	75219	0.223
75219	75148	0.223
75171	75148	0.135
75148	75171	0.135
74550	74551	0.125
74551	74550	0.125
77976	77994	0.124
78116	77987	0.293
77987	78116	0.293
78385	78394	0.207
78388	78385	0.065
78394	78388	0.137
78376	78385	0.051
78385	78376	0.051
78388	78376	0.049
77737	77801	0.123
77801	77737	0.123
78789	78693	0.275
78884	78789	0.338
77141	77157	0.124
77157	77141	0.124
77227	77257	0.033
77257	77227	0.033
77227	77252	0.114
77252	77227	0.114
77141	77167	0.042
77167	77141	0.042
77157	77191	0.049
77191	77157	0.049
77191	77227	0.052
77227	77191	0.052
77167	77191	0.144
77191	77167	0.144
77252	77211	0.050
77211	77252	0.050
77211	77224	0.098
77224	77211	0.098
77191	77211	0.113
77211	77191	0.113
77241	77261	0.097
77261	77241	0.097
77223	77186	0.062
77223	77207	0.113
77230	77223	0.045
77207	77223	0.117
77223	77230	0.042
77261	77223	0.049
77293	77261	0.043
77319	77293	0.047
77265	77274	0.084
77274	77265	0.084
77274	77293	0.082
77293	77274	0.082
77134	77143	0.070
77143	77134	0.070
77143	77158	0.077
77158	77143	0.077
77158	77172	0.060
77172	77158	0.060
77423	77403	0.048
77403	77423	0.048
77472	77460	0.130
77460	77472	0.130
77460	77493	0.069
77493	77460	0.069
77423	77460	0.211
77460	77423	0.211
77495	77513	0.033
77513	77495	0.033
77538	77520	0.042
77520	77538	0.042
77513	77537	0.050
77537	77513	0.050
77537	77567	0.061
77567	77537	0.061
77591	77560	0.051
77560	77591	0.051
77560	77538	0.047
77538	77560	0.047
77560	77573	0.132
77573	77560	0.132
77538	77554	0.127
77554	77538	0.127
77573	77554	0.040
77554	77573	0.040
77520	77533	0.121
77533	77520	0.121
77554	77533	0.047
77533	77554	0.047
77489	77505	0.114
77505	77489	0.114
77533	77505	0.054
77505	77533	0.054
77321	77286	0.096
77286	77321	0.096
77286	77283	0.098
77283	77286	0.098
77320	77286	0.046
77286	77320	0.046
77331	77303	0.041
77303	77331	0.041
77359	77292	0.170
77292	77359	0.170
77292	77321	0.087
77321	77292	0.087
77321	77381	0.097
77381	77321	0.097
77540	77499	0.080
77499	77540	0.080
77467	77499	0.245
77499	77467	0.245
77525	77555	0.077
77555	77525	0.077
77540	77566	0.055
77566	77540	0.055
77467	77438	0.049
77438	77467	0.049
77499	77469	0.057
77469	77499	0.057
77469	77449	0.043
77449	77469	0.043
77438	77469	0.245
77469	77438	0.245
77476	77500	0.052
77500	77476	0.052
77500	77525	0.048
77525	77500	0.048
77499	77508	0.076
77508	77499	0.076
77508	77525	0.095
77525	77508	0.095
77469	77483	0.070
77483	77469	0.070
77483	77500	0.112
77500	77483	0.112
77449	77459	0.068
77459	77449	0.068
77459	77476	0.127
77476	77459	0.127
77483	77459	0.046
77459	77483	0.046
77910	77965	0.219
77965	77910	0.219
77992	77965	0.064
77965	77992	0.064
77965	77901	0.177
77901	77965	0.177
77901	77906	0.472
77906	77901	0.472
77570	78016	0.967
78016	78028	0.022
77901	78016	0.225
78016	77901	0.225
77583	77636	0.090
77636	77583	0.090
77636	77672	0.065
77672	77636	0.065
77725	77558	0.620
77558	77725	0.620
77636	77725	0.144
77725	77636	0.144
77555	77550	0.076
77550	77555	0.076
77550	77540	0.073
77540	77550	0.073
77550	77508	0.076
77508	77550	0.076
77508	77483	0.052
77483	77508	0.052
78310	78312	0.011
78006	77981	0.089
77981	78006	0.089
78208	78038	0.302
78038	78208	0.302
78038	78006	0.070
78006	78038	0.070
78059	78006	0.235
78006	78059	0.235
78038	78065	0.221
78065	78038	0.221
77462	77464	0.079
77464	77462	0.079
77445	77355	0.154
77355	77445	0.154
77337	77355	0.049
77355	77337	0.049
77318	77295	0.042
77295	77318	0.042
77337	77295	0.136
77295	77337	0.136
77249	77312	0.292
77312	77249	0.292
77249	77273	0.116
77273	77249	0.116
77273	77312	0.113
77312	77273	0.113
77283	77300	0.018
77300	77283	0.018
77300	77337	0.052
77337	77300	0.052
77295	77256	0.054
77256	77295	0.054
77300	77256	0.114
77256	77300	0.114
77212	77182	0.048
77182	77212	0.048
77255	77283	0.038
77283	77255	0.038
77256	77216	0.050
77216	77256	0.050
77255	77216	0.092
77216	77255	0.092
77182	77149	0.043
77149	77182	0.043
75834	75874	0.491
75874	75834	0.491
74456	74446	0.232
74446	74456	0.232
74390	74376	0.211
74376	74390	0.211
77427	77503	0.169
77503	77427	0.169
76991	77030	0.117
77030	76991	0.117
77030	77186	0.306
77186	77030	0.306
77167	77197	0.060
77197	77167	0.060
77197	77227	0.175
77227	77197	0.175
77438	77420	0.041
77420	77438	0.041
77420	77449	0.245
77449	77420	0.245
76423	76551	0.195
76551	76484	0.100
76484	76423	0.110
76753	76723	0.051
76723	76753	0.051
76777	76747	0.047
76747	76777	0.047
76626	76669	0.060
76669	76626	0.060
76695	76669	0.098
76669	76695	0.098
76654	76626	0.090
76626	76654	0.090
76695	76654	0.056
76654	76695	0.056
76654	76609	0.052
76609	76654	0.052
76583	76626	0.047
76626	76583	0.047
76609	76583	0.084
76583	76609	0.084
76502	76462	0.168
76462	76502	0.168
76462	76419	0.137
76419	76462	0.137
76462	76432	0.057
76432	76462	0.057
75452	75357	0.178
75357	75452	0.178
75357	75364	0.070
75364	75357	0.070
75364	75384	0.069
75384	75364	0.069
75452	75398	0.153
75398	75452	0.153
75398	75364	0.069
75364	75398	0.069
75508	75518	0.089
75518	75508	0.089
75398	75508	0.223
75508	75398	0.223
75357	75288	0.107
75288	75357	0.107
75288	75170	0.263
75170	75288	0.263
75218	75330	0.210
75330	75218	0.210
75330	75384	0.122
75384	75330	0.122
75288	75330	0.146
75330	75288	0.146
75142	75136	0.009
75136	75142	0.009
75086	75136	0.093
75136	75086	0.093
76293	76275	0.039
76275	76293	0.039
76275	76230	0.159
76230	76275	0.159
76230	76211	0.189
76211	76230	0.189
76293	76250	0.149
76250	76293	0.149
76250	76211	0.155
76211	76250	0.155
76230	76250	0.040
76250	76230	0.040
76324	76288	0.140
76288	76324	0.140
76288	76241	0.140
76241	76288	0.140
76250	76288	0.057
76288	76250	0.057
76386	76348	0.116
76348	76386	0.116
76348	76320	0.110
76320	76348	0.110
76241	76172	0.250
76172	76241	0.250
75005	74868	0.194
74868	74783	0.164
74783	74868	0.164
74868	74829	0.065
74829	74684	0.175
74753	74829	0.131
74829	74753	0.131
74587	74422	0.431
74684	74587	0.223
74661	74587	0.217
74587	74661	0.217
74124	74108	0.027
74108	74124	0.027
78220	78225	0.040
77503	77441	0.251
77441	77503	0.251
77441	77467	0.177
77467	77441	0.177
77397	77403	0.044
77403	77397	0.044
78351	78375	0.259
78375	78351	0.263
78273	78281	0.036
78281	78273	0.036
78375	78281	0.212
78281	78375	0.212
78007	77938	0.135
77938	78007	0.135
77784	77891	0.205
77891	77784	0.205
77891	77938	0.105
77938	77891	0.105
77889	77938	0.081
77889	77861	0.309
77861	77889	0.309
77929	77897	0.042
77897	77929	0.042
77718	77889	0.248
77897	77698	0.283
77698	77897	0.283
77719	77708	0.192
77708	77719	0.192
77372	77464	0.158
77302	77372	0.127
77372	77373	0.079
77373	77372	0.079
77440	77457	0.270
77457	77440	0.270
77457	77462	0.115
77462	77457	0.115
77501	77454	0.091
77454	77501	0.091
77454	77440	0.019
77440	77454	0.019
77019	77040	0.045
77040	77019	0.045
79041	79038	0.064
79038	79041	0.064
79056	79038	0.036
79038	79056	0.036
79056	79065	0.063
79065	79056	0.063
79065	79057	0.080
79057	79065	0.080
79038	79036	0.067
79036	79038	0.067
79065	79036	0.052
79036	79065	0.052
79057	79070	0.078
79070	79057	0.078
79070	79082	0.074
79082	79070	0.074
79070	79071	0.068
79071	79070	0.068
79082	79071	0.039
79071	79082	0.039
79082	79093	0.088
79093	79082	0.088
78908	78877	0.197
78877	78908	0.197
78908	78871	0.087
78871	78908	0.087
78871	78877	0.173
78877	78871	0.173
78876	78914	0.115
78914	78876	0.115
78877	78876	0.041
78876	78877	0.041
78871	78848	0.069
78848	78871	0.069
78852	78876	0.072
78876	78852	0.072
78848	78852	0.189
78852	78848	0.189
78942	78971	0.050
78971	78942	0.050
78942	78886	0.213
78886	78942	0.213
78874	78942	0.148
78942	78874	0.148
78886	78874	0.179
78874	78886	0.179
78968	78971	0.122
78971	78968	0.122
78863	78874	0.082
78874	78863	0.082
78968	78944	0.041
78944	78968	0.041
78944	78908	0.087
78908	78944	0.087
78863	78944	0.236
78944	78863	0.236
78841	78863	0.057
78863	78841	0.057
78836	78837	0.070
78837	78836	0.070
78836	78807	0.051
78807	78836	0.051
78807	78837	0.610
78837	78807	0.610
78841	78835	0.084
78835	78841	0.084
78835	78836	0.167
78836	78835	0.167
78807	78835	0.206
78835	78807	0.206
78828	78804	0.061
78804	78828	0.061
78828	78715	0.526
78715	78828	0.526
78800	78804	0.012
78791	78800	0.021
78692	78712	0.158
78712	78692	0.158
78712	78800	0.378
78800	78712	0.378
78712	78703	0.018
78703	78712	0.018
78680	78703	0.064
78703	78680	0.064
78791	78706	0.192
78706	78791	0.192
78703	78706	0.237
78706	78703	0.237
78797	78791	0.026
78804	78797	0.024
78494	78476	0.214
78496	78494	0.033
78735	78494	0.590
78494	78735	0.590
78735	78702	0.063
78702	78735	0.063
78702	78679	0.120
78679	78702	0.120
78778	78735	0.239
78735	78778	0.239
78702	78753	0.236
78753	78702	0.236
78753	78697	0.128
78697	78753	0.128
78778	78753	0.062
78753	78778	0.062
78797	78784	0.050
78784	78797	0.050
78784	78778	0.019
78778	78784	0.019
78784	78704	0.187
78704	78784	0.187
78837	78855	0.084
78855	78837	0.084
78855	78828	0.138
78828	78855	0.138
78919	78863	0.411
78863	78919	0.411
78855	78919	0.284
78919	78855	0.284
79071	79073	0.047
79073	79071	0.047
79033	79035	0.008
79035	79033	0.008
79006	79005	0.109
79005	79006	0.109
79006	79015	0.050
79015	79006	0.050
79016	79005	0.056
79005	79016	0.056
79015	79016	0.054
79016	79015	0.054
79092	79077	0.043
79077	79092	0.043
79033	79075	0.446
79075	79033	0.446
79077	79075	0.098
79075	79077	0.098
79077	79067	0.036
79067	79077	0.036
79067	79058	0.014
79058	79067	0.014
79075	79068	0.053
79068	79075	0.053
79067	79068	0.066
79068	79067	0.066
79015	79047	0.077
79047	79015	0.077
79047	79058	0.032
79058	79047	0.032
79068	79048	0.036
79048	79068	0.036
79048	79016	0.079
79016	79048	0.079
79047	79048	0.037
79048	79047	0.037
79016	79027	0.046
79027	79016	0.046
79005	78988	0.060
78988	79005	0.060
78988	79006	0.135
79006	78988	0.135
78971	78954	0.102
78954	78971	0.102
78954	78919	0.090
78919	78954	0.090
78988	78970	0.045
78970	78988	0.045
78970	78954	0.026
78954	78970	0.026
78970	79027	0.189
79027	78970	0.189
79035	79020	0.052
79020	79035	0.052
79020	78968	0.185
78968	79020	0.185
79027	79020	0.544
79020	79027	0.544
79058	79042	0.055
79042	79058	0.055
78898	78891	0.019
78891	78898	0.019
78898	78894	0.030
78894	78898	0.030
78894	78973	0.298
78973	78894	0.298
78973	78898	0.213
78898	78973	0.213
79012	78894	0.296
78894	79012	0.296
79000	79012	0.053
79012	79000	0.053
79042	78999	0.150
78999	79042	0.150
78999	78970	0.213
78970	78999	0.213
79000	78999	0.027
78999	79000	0.027
78973	78981	0.042
78981	78973	0.042
79012	79028	0.080
79028	79012	0.080
79028	78981	0.199
78981	79028	0.199
79104	79092	0.113
79092	79104	0.113
79102	79104	0.029
79104	79102	0.029
79028	79099	0.192
79099	79028	0.192
79099	79104	0.028
79104	79099	0.028
79102	79099	0.020
79099	79102	0.020
79093	79103	0.103
79103	79093	0.103
79073	79095	0.161
79095	79073	0.161
79095	79102	0.056
79102	79095	0.056
79103	79095	0.039
79095	79103	0.039
79021	79041	0.052
79041	79021	0.052
79036	79045	0.046
79045	79036	0.046
79045	79057	0.040
79057	79045	0.040
79034	79021	0.216
79021	79034	0.216
79045	79034	0.040
79034	79045	0.040
79034	79013	0.071
79013	79034	0.071
79013	79010	0.028
79010	79013	0.028
79010	79017	0.029
79017	79010	0.029
79013	79017	0.019
79017	79013	0.019
79095	79064	0.110
79064	79095	0.110
79064	79053	0.027
79053	79064	0.027
79053	79034	0.256
79034	79053	0.256
79017	79046	0.230
79046	79017	0.230
79046	79064	0.028
79064	79046	0.028
79053	79046	0.019
79046	79053	0.019
78841	78848	0.045
78848	78841	0.045
79093	79073	0.081
79073	79093	0.081
79042	79012	0.103
79012	79042	0.103
79103	79105	0.230
79105	79103	0.230
79092	79091	0.019
79091	79092	0.019
79105	79091	0.053
79091	79105	0.053
79091	79090	0.130
79090	79091	0.130
79090	79033	0.233
79033	79090	0.233
79105	79100	0.132
79100	79105	0.132
79100	79035	0.242
79035	79100	0.242
79090	79100	0.032
79100	79090	0.032
78968	78969	0.071
78969	78968	0.071
78706	78685	0.054
78685	78706	0.054
78685	78680	0.248
78680	78685	0.248
78680	78659	0.222
78659	78680	0.222
78659	78685	0.246
78685	78659	0.246
78476	78494	0.212
78494	78496	0.034
78981	78860	0.382
78860	78981	0.382
78860	79000	0.373
79000	78860	0.373
78973	78860	0.290
78860	78973	0.290
78467	78353	0.268
78353	78467	0.268
78353	78322	0.113
78322	78353	0.113
78339	78353	0.107
78353	78339	0.107
77882	77819	0.087
77819	77882	0.087
77819	77811	0.168
77811	77819	0.168
77819	77812	0.017
77812	77819	0.017
77812	77802	0.065
77802	77812	0.065
77812	77786	0.151
77786	77812	0.151
77860	77882	0.167
77796	77860	0.177
77860	77811	0.057
77811	77860	0.057
77811	77788	0.045
77788	77811	0.045
77788	77668	0.293
77668	77788	0.293
77788	77780	0.021
77780	77788	0.021
77780	77717	0.090
77717	77780	0.090
77780	77802	0.089
77802	77780	0.089
77912	77976	0.345
77909	77912	0.063
77912	77743	0.307
77743	77912	0.307
78851	78792	0.119
78792	78851	0.119
78792	78795	0.114
78795	78792	0.114
79078	79123	0.703
79123	79143	0.169
78879	79024	0.455
79024	78879	0.455
79024	79026	0.093
79026	79024	0.093
79024	79059	0.305
79059	79024	0.305
78209	78182	0.099
78182	78209	0.099
78182	78146	0.112
78146	78182	0.112
75125	75082	0.342
75285	75365	0.188
75365	75285	0.188
75365	75547	0.329
75547	75365	0.329
75285	75201	0.216
75201	75285	0.216
75016	75054	0.165
74916	75016	0.266
74712	74581	0.196
74581	74712	0.196
74712	74717	0.257
74717	74712	0.257
75016	74734	0.306
74734	75016	0.306
74734	74712	0.031
74712	74734	0.031
74683	74734	0.141
74734	74683	0.141
74717	74520	0.215
74520	74717	0.215
75125	75118	0.256
75118	75105	0.262
75118	74848	0.357
74848	75118	0.357
75498	75008	0.858
75008	75498	0.858
75008	75027	0.206
75027	75008	0.206
74533	74523	0.241
74523	74533	0.241
74523	74446	0.105
74446	74523	0.105
74523	74897	0.503
74897	74523	0.503
74808	74807	0.022
74807	74858	0.183
74779	74808	0.031
74779	74807	0.041
74761	74791	0.242
74791	74808	0.044
74808	74777	0.029
74791	74777	0.053
74300	74286	0.091
74286	74300	0.091
74344	74327	0.147
74327	74344	0.147
74344	74317	0.030
74317	74344	0.030
74951	74919	0.028
74919	74951	0.028
74919	74906	0.014
74906	74919	0.014
74999	74913	0.113
74913	74776	0.155
74919	74913	0.031
74913	74919	0.031
74785	74742	0.045
74742	74785	0.045
74797	74785	0.037
74785	74797	0.037
74853	74841	0.058
74841	74853	0.058
74841	74785	0.106
74785	74841	0.106
74797	74841	0.057
74841	74797	0.057
74841	74871	0.035
74871	74841	0.035
74118	74822	0.922
74853	74819	0.041
74819	74853	0.041
74819	74797	0.069
74797	74819	0.069
74822	74819	0.026
74819	74822	0.026
75154	75281	0.268
75076	75154	0.136
74980	75014	0.141
74975	74980	0.046
75014	74976	0.139
74976	74964	0.044
78220	78190	0.064
78190	78220	0.064
78190	78109	0.206
78109	78190	0.206
79021	79010	0.559
79010	79021	0.559
78841	78852	0.326
78852	78841	0.326
79041	79054	0.028
79054	79041	0.028
79054	79056	0.061
79056	79054	0.061
77540	77509	0.252
77509	77540	0.252
77509	77467	0.090
77467	77509	0.090
74317	74257	0.083
74257	74317	0.083
74257	74248	0.106
74248	74257	0.106
79078	79113	0.660
79113	79078	0.660
79113	79123	0.053
79123	79113	0.053
76951	76978	0.066
76978	76951	0.066
76978	77181	0.371
77181	76978	0.371
78645	78684	0.328
78684	78645	0.328
77177	77181	0.051
77181	77177	0.051
76859	76850	0.145
76850	76859	0.145
74177	73913	0.110
73913	74177	0.110
73853	74135	0.049
74135	73853	0.049
73911	74195	0.167
74195	73911	0.167
77181	77266	0.127
77266	77181	0.127
77329	77281	0.441
77281	77329	0.441
73873	74912	1.013
73933	74274	0.253
74274	73931	0.254
74134	73855	0.176
73855	74134	0.176
73909	74408	0.480
74408	73909	0.480
74168	73891	0.136
73891	74168	0.136
73899	74153	0.088
74153	73899	0.088
73897	74153	0.077
